0 0.17067307692307693 0.2644230769230769 0.04447115384615385 0.06129807692307692
0 0.22956730769230768 0.25961538461538464 0.03365384615384615 0.04807692307692308
0 0.3389423076923077 0.2932692307692308 0.037259615384615384 0.0625
0 0.3786057692307692 0.21875 0.04326923076923077 0.05889423076923077
0 0.4951923076923077 0.28365384615384615 0.04326923076923077 0.0625
0 0.5096153846153846 0.21634615384615385 0.03485576923076923 0.042067307692307696
0 0.5540865384615384 0.21394230769230768 0.038461538461538464 0.06009615384615385
0 0.5540865384615384 0.2704326923076923 0.03485576923076923 0.04927884615384615
0 0.625 0.23197115384615385 0.03245192307692308 0.042067307692307696
0 0.6502403846153846 0.2247596153846154 0.03245192307692308 0.04567307692307692
0 0.7584134615384616 0.3004807692307692 0.037259615384615384 0.055288461538461536