0 0.21995192307692307 0.23798076923076922 0.12259615384615384 0.33774038461538464
0 0.25961538461538464 0.6935096153846154 0.15384615384615385 0.28365384615384615
0 0.3016826923076923 0.2620192307692308 0.07572115384615384 0.28365384615384615
0 0.375 0.4254807692307692 0.1346153846153846 0.30288461538461536
0 0.40024038461538464 0.8185096153846154 0.13581730769230768 0.33774038461538464
0 0.4987980769230769 0.5973557692307693 0.13341346153846154 0.33052884615384615
0 0.5084134615384616 0.28125 0.12379807692307693 0.3004807692307692
0 0.5480769230769231 0.7019230769230769 0.078125 0.203125
0 0.6225961538461539 0.5841346153846154 0.14302884615384615 0.28846153846153844
0 0.609375 0.3425480769230769 0.078125 0.17548076923076922
0 0.8689903846153846 0.3581730769230769 0.13701923076923078 0.30288461538461536