0 0.3954326923076923 0.2439903846153846 0.2283653846153846 0.3112980769230769
0 0.03485576923076923 0.09735576923076923 0.055288461538461536 0.05889423076923077
0 0.06971153846153846 0.11298076923076923 0.040865384615384616 0.055288461538461536
0 0.15985576923076922 0.16706730769230768 0.0673076923076923 0.09134615384615384
0 0.21754807692307693 0.1622596153846154 0.06490384615384616 0.07932692307692307
0 0.2548076923076923 0.16706730769230768 0.03485576923076923 0.07451923076923077
0 0.5348557692307693 0.23918269230769232 0.0829326923076923 0.12740384615384615
0 0.5757211538461539 0.23798076923076922 0.027644230769230768 0.10216346153846154
0 0.7163461538461539 0.1622596153846154 0.15745192307692307 0.1875
0 0.7139423076923077 0.234375 0.14182692307692307 0.25600961538461536
0 0.8341346153846154 0.1875 0.11298076923076923 0.1778846153846154