0 0.23197115384615385 0.39663461538461536 0.07211538461538461 0.09495192307692307
0 0.010817307692307692 0.41346153846153844 0.020432692307692308 0.06971153846153846
0 0.16706730769230768 0.4423076923076923 0.04567307692307692 0.05889423076923077
0 0.4795673076923077 0.41346153846153844 0.06129807692307692 0.08052884615384616
0 0.7043269230769231 0.40384615384615385 0.039663461538461536 0.06009615384615385
0 0.7283653846153846 0.43028846153846156 0.04807692307692308 0.08173076923076923
0 0.75 0.3786057692307692 0.03365384615384615 0.057692307692307696
0 0.8701923076923077 0.38341346153846156 0.03365384615384615 0.046875
0 0.9387019230769231 0.43509615384615385 0.04927884615384615 0.06490384615384616
0 0.9435096153846154 0.36177884615384615 0.03245192307692308 0.046875
0 0.9723557692307693 0.3605769230769231 0.025240384615384616 0.036057692307692304