0 0.8978365384615384 0.21394230769230768 0.13942307692307693 0.23197115384615385
0 0.04807692307692308 0.12139423076923077 0.016826923076923076 0.03485576923076923
0 0.07932692307692307 0.15384615384615385 0.052884615384615384 0.12740384615384615
0 0.13341346153846154 0.14783653846153846 0.09735576923076923 0.16706730769230768
0 0.23557692307692307 0.1778846153846154 0.16105769230769232 0.23317307692307693
0 0.35336538461538464 0.12740384615384615 0.06370192307692307 0.10817307692307693
0 0.4807692307692308 0.2668269230769231 0.30649038461538464 0.4639423076923077
0 0.3870192307692308 0.12259615384615384 0.016826923076923076 0.04447115384615385
0 0.6045673076923077 0.09495192307692307 0.06971153846153846 0.11778846153846154
0 0.6454326923076923 0.1346153846153846 0.030048076923076924 0.07451923076923077
0 0.7800480769230769 0.12980769230769232 0.23557692307692307 0.13221153846153846
0 0.9675480769230769 0.14302884615384615 0.06490384615384616 0.09375