0 0.4639423076923077 0.171875 0.1141826923076923 0.18509615384615385
0 0.057692307692307696 0.203125 0.04326923076923077 0.09254807692307693
0 0.11298076923076923 0.052884615384615384 0.040865384615384616 0.08533653846153846
0 0.18389423076923078 0.20072115384615385 0.051682692307692304 0.0889423076923077
0 0.2548076923076923 0.052884615384615384 0.03245192307692308 0.0889423076923077
0 0.33413461538461536 0.19831730769230768 0.055288461538461536 0.07932692307692307
0 0.40865384615384615 0.2127403846153846 0.039663461538461536 0.09134615384615384
0 0.4206730769230769 0.0625 0.037259615384615384 0.07451923076923077
0 0.640625 0.2091346153846154 0.051682692307692304 0.08413461538461539
0 0.8365384615384616 0.21995192307692307 0.04326923076923077 0.08052884615384616
0 0.9543269230769231 0.2283653846153846 0.054086538461538464 0.08052884615384616