0 0.7139423076923077 0.3473557692307692 0.052884615384615384 0.08173076923076923
0 0.028846153846153848 0.3401442307692308 0.026442307692307692 0.06129807692307692
0 0.08653846153846154 0.33413461538461536 0.020432692307692308 0.038461538461538464
0 0.20432692307692307 0.33413461538461536 0.019230769230769232 0.03125
0 0.27403846153846156 0.3545673076923077 0.014423076923076924 0.03245192307692308
0 0.3233173076923077 0.33653846153846156 0.02283653846153846 0.036057692307692304
0 0.4014423076923077 0.35697115384615385 0.030048076923076924 0.052884615384615384
0 0.47475961538461536 0.32572115384615385 0.055288461538461536 0.078125
0 0.5072115384615384 0.3473557692307692 0.020432692307692308 0.03245192307692308
0 0.5661057692307693 0.33413461538461536 0.020432692307692308 0.038461538461538464
0 0.6646634615384616 0.31490384615384615 0.037259615384615384 0.06490384615384616