0 0.5108173076923077 0.3485576923076923 0.22115384615384615 0.26322115384615385
0 0.020432692307692308 0.2620192307692308 0.040865384615384616 0.04447115384615385
0 0.057692307692307696 0.328125 0.07572115384615384 0.13581730769230768
0 0.1622596153846154 0.3293269230769231 0.057692307692307696 0.08533653846153846
0 0.2247596153846154 0.3233173076923077 0.055288461538461536 0.11658653846153846
0 0.24639423076923078 0.29447115384615385 0.04927884615384615 0.078125
0 0.3317307692307692 0.30528846153846156 0.06370192307692307 0.10216346153846154
0 0.3798076923076923 0.3485576923076923 0.06009615384615385 0.12740384615384615
0 0.7091346153846154 0.2692307692307692 0.16105769230769232 0.24759615384615385
0 0.8858173076923077 0.3713942307692308 0.05048076923076923 0.09975961538461539
0 0.9435096153846154 0.3629807692307692 0.09014423076923077 0.12980769230769232