0 0.18870192307692307 0.4387019230769231 0.057692307692307696 0.10697115384615384
0 0.21995192307692307 0.3389423076923077 0.03485576923076923 0.08052884615384616
0 0.2848557692307692 0.37259615384615385 0.04807692307692308 0.10336538461538461
0 0.30288461538461536 0.3137019230769231 0.030048076923076924 0.052884615384615384
0 0.3473557692307692 0.30528846153846156 0.030048076923076924 0.0625
0 0.37259615384615385 0.3004807692307692 0.019230769230769232 0.04447115384615385
0 0.39663461538461536 0.33052884615384615 0.018028846153846152 0.039663461538461536
0 0.46875 0.3425480769230769 0.021634615384615384 0.038461538461538464
0 0.5961538461538461 0.6069711538461539 0.11298076923076923 0.18990384615384615
0 0.5745192307692307 0.328125 0.019230769230769232 0.03125
0 0.5973557692307693 0.3137019230769231 0.025240384615384616 0.04807692307692308
0 0.6923076923076923 0.3125 0.030048076923076924 0.08052884615384616
0 0.7415865384615384 0.2764423076923077 0.046875 0.04807692307692308
0 0.7548076923076923 0.32211538461538464 0.06009615384615385 0.08413461538461539
0 0.8762019230769231 0.3918269230769231 0.057692307692307696 0.06370192307692307
0 0.9326923076923077 0.3786057692307692 0.06971153846153846 0.078125