0 0.16466346153846154 0.8473557692307693 0.1466346153846154 0.20673076923076922
0 0.019230769230769232 0.8016826923076923 0.037259615384615384 0.13581730769230768
0 0.07451923076923077 0.7752403846153846 0.12860576923076922 0.1141826923076923
0 0.17307692307692307 0.7379807692307693 0.0985576923076923 0.07932692307692307
0 0.27524038461538464 0.8076923076923077 0.10096153846153846 0.15144230769230768
0 0.3293269230769231 0.7920673076923077 0.06971153846153846 0.14302884615384615
0 0.4230769230769231 0.78125 0.09014423076923077 0.125
0 0.5216346153846154 0.765625 0.0829326923076923 0.12740384615384615
0 0.5721153846153846 0.6971153846153846 0.0733173076923077 0.06850961538461539
0 0.6189903846153846 0.7680288461538461 0.10216346153846154 0.16466346153846154
0 0.7127403846153846 0.7992788461538461 0.10576923076923077 0.12740384615384615
0 0.7043269230769231 0.7223557692307693 0.07451923076923077 0.051682692307692304
0 0.7884615384615384 0.8125 0.08052884615384616 0.125
0 0.8305288461538461 0.7860576923076923 0.07572115384615384 0.11778846153846154