0 0.016826923076923076 0.47596153846153844 0.021634615384615384 0.046875
0 0.054086538461538464 0.46153846153846156 0.02403846153846154 0.05889423076923077
0 0.10697115384615384 0.47596153846153844 0.038461538461538464 0.04326923076923077
0 0.16105769230769232 0.4651442307692308 0.040865384615384616 0.051682692307692304
0 0.19471153846153846 0.45072115384615385 0.03485576923076923 0.04927884615384615
0 0.25600961538461536 0.47596153846153844 0.028846153846153848 0.06129807692307692
0 0.2980769230769231 0.4519230769230769 0.040865384615384616 0.05889423076923077
0 0.34134615384615385 0.4483173076923077 0.039663461538461536 0.0673076923076923
0 0.4206730769230769 0.44350961538461536 0.039663461538461536 0.07211538461538461
0 0.4651442307692308 0.4375 0.037259615384615384 0.06971153846153846
0 0.4951923076923077 0.43509615384615385 0.04807692307692308 0.07692307692307693
0 0.59375 0.453125 0.06129807692307692 0.09735576923076923
0 0.6622596153846154 0.4338942307692308 0.05889423076923077 0.11057692307692307
0 0.7524038461538461 0.4266826923076923 0.05048076923076923 0.07932692307692307
0 0.8822115384615384 0.43028846153846156 0.04326923076923077 0.08533653846153846