0 0.5300480769230769 0.515625 0.09495192307692307 0.14783653846153846
0 0.06850961538461539 0.53125 0.051682692307692304 0.08413461538461539
0 0.0985576923076923 0.2956730769230769 0.027644230769230768 0.027644230769230768
0 0.15865384615384615 0.2956730769230769 0.030048076923076924 0.028846153846153848
0 0.17548076923076922 0.4675480769230769 0.06370192307692307 0.08774038461538461
0 0.18509615384615385 0.28125 0.03125 0.039663461538461536
0 0.20793269230769232 0.2848557692307692 0.02283653846153846 0.036057692307692304
0 0.22716346153846154 0.4543269230769231 0.04927884615384615 0.08533653846153846
0 0.23317307692307693 0.28365384615384615 0.025240384615384616 0.037259615384615384
0 0.2644230769230769 0.27403846153846156 0.02283653846153846 0.03485576923076923
0 0.29447115384615385 0.2692307692307692 0.030048076923076924 0.037259615384615384
0 0.32211538461538464 0.27524038461538464 0.03125 0.03365384615384615
0 0.34975961538461536 0.2644230769230769 0.025240384615384616 0.03485576923076923
0 0.36658653846153844 0.5024038461538461 0.057692307692307696 0.09615384615384616
0 0.36899038461538464 0.4206730769230769 0.06129807692307692 0.07451923076923077
0 0.3870192307692308 0.31850961538461536 0.04447115384615385 0.06850961538461539
0 0.3858173076923077 0.2668269230769231 0.03485576923076923 0.03485576923076923
0 0.41947115384615385 0.24879807692307693 0.03245192307692308 0.03485576923076923
0 0.4423076923076923 0.26802884615384615 0.028846153846153848 0.03245192307692308
0 0.484375 0.4387019230769231 0.04807692307692308 0.06490384615384616
0 0.5048076923076923 0.3112980769230769 0.03245192307692308 0.04447115384615385
0 0.5240384615384616 0.36658653846153844 0.04326923076923077 0.055288461538461536
0 0.5600961538461539 0.3557692307692308 0.040865384615384616 0.03365384615384615
0 0.5564903846153846 0.33413461538461536 0.03125 0.013221153846153846
0 0.6586538461538461 0.32211538461538464 0.036057692307692304 0.03245192307692308
0 0.6682692307692307 0.36899038461538464 0.038461538461538464 0.046875
0 0.734375 0.33533653846153844 0.01201923076923077 0.021634615384615384
0 0.7572115384615384 0.34375 0.03365384615384615 0.06370192307692307
0 0.7764423076923077 0.22596153846153846 0.019230769230769232 0.021634615384615384
0 0.8341346153846154 0.4519230769230769 0.10576923076923077 0.1201923076923077
0 0.8221153846153846 0.39783653846153844 0.039663461538461536 0.02403846153846154
0 0.875 0.35216346153846156 0.04807692307692308 0.04447115384615385
0 0.9086538461538461 0.5216346153846154 0.11538461538461539 0.16105769230769232
0 0.8966346153846154 0.3125 0.021634615384615384 0.02283653846153846