0 0.6923076923076923 0.12379807692307693 0.12379807692307693 0.11057692307692307
0 0.02403846153846154 0.04326923076923077 0.046875 0.042067307692307696
0 0.056490384615384616 0.052884615384615384 0.020432692307692308 0.025240384615384616
0 0.109375 0.05889423076923077 0.07211538461538461 0.036057692307692304
0 0.20072115384615385 0.10576923076923077 0.10216346153846154 0.09975961538461539
0 0.16826923076923078 0.04447115384615385 0.02403846153846154 0.020432692307692308
0 0.20192307692307693 0.054086538461538464 0.07451923076923077 0.030048076923076924
0 0.22355769230769232 0.03245192307692308 0.052884615384615384 0.027644230769230768
0 0.2608173076923077 0.0673076923076923 0.06129807692307692 0.04567307692307692
0 0.2860576923076923 0.04447115384615385 0.05048076923076923 0.04927884615384615
0 0.3701923076923077 0.09735576923076923 0.07211538461538461 0.057692307692307696
0 0.46875 0.05889423076923077 0.05889423076923077 0.03365384615384615
0 0.5841346153846154 0.26322115384615385 0.21634615384615385 0.1935096153846154
0 0.5228365384615384 0.0829326923076923 0.08533653846153846 0.04567307692307692
0 0.9050480769230769 0.08052884615384616 0.03485576923076923 0.027644230769230768
0 0.953125 0.12980769230769232 0.09134615384615384 0.06009615384615385