0 0.2620192307692308 0.4387019230769231 0.0625 0.09615384615384616
0 0.33653846153846156 0.4675480769230769 0.051682692307692304 0.054086538461538464
0 0.39302884615384615 0.4699519230769231 0.055288461538461536 0.07451923076923077
0 0.4026442307692308 0.40865384615384615 0.06850961538461539 0.0625
0 0.4050480769230769 0.43509615384615385 0.05889423076923077 0.07692307692307693
0 0.4483173076923077 0.45072115384615385 0.021634615384615384 0.025240384615384616
0 0.4795673076923077 0.41225961538461536 0.06129807692307692 0.0985576923076923
0 0.5168269230769231 0.4338942307692308 0.03245192307692308 0.04567307692307692
0 0.5324519230769231 0.3954326923076923 0.03245192307692308 0.03125
0 0.5516826923076923 0.4326923076923077 0.06129807692307692 0.09134615384615384
0 0.5865384615384616 0.41346153846153844 0.030048076923076924 0.04927884615384615
0 0.6262019230769231 0.4375 0.04807692307692308 0.04927884615384615
0 0.6778846153846154 0.39903846153846156 0.06009615384615385 0.052884615384615384
0 0.6887019230769231 0.43509615384615385 0.07211538461538461 0.04927884615384615
0 0.8209134615384616 0.4579326923076923 0.06129807692307692 0.11899038461538461