0 0.11538461538461539 0.6838942307692307 0.171875 0.21875
0 0.10216346153846154 0.2920673076923077 0.010817307692307692 0.016826923076923076
0 0.11899038461538461 0.2932692307692308 0.010817307692307692 0.014423076923076924
0 0.14423076923076922 0.30408653846153844 0.009615384615384616 0.020432692307692308
0 0.1658653846153846 0.30649038461538464 0.015625 0.015625
0 0.171875 0.34615384615384615 0.014423076923076924 0.009615384615384616
0 0.18269230769230768 0.3269230769230769 0.014423076923076924 0.014423076923076924
0 0.20793269230769232 0.31971153846153844 0.013221153846153846 0.013221153846153846
0 0.22716346153846154 0.3473557692307692 0.01201923076923077 0.014423076923076924
0 0.2548076923076923 0.4074519230769231 0.013221153846153846 0.014423076923076924
0 0.25841346153846156 0.38100961538461536 0.013221153846153846 0.020432692307692308
0 0.2848557692307692 0.4182692307692308 0.018028846153846152 0.016826923076923076
0 0.30528846153846156 0.453125 0.016826923076923076 0.02283653846153846
0 0.31971153846153844 0.5108173076923077 0.013221153846153846 0.018028846153846152
0 0.33533653846153844 0.5348557692307693 0.013221153846153846 0.018028846153846152
0 0.35216346153846156 0.5168269230769231 0.016826923076923076 0.015625
0 0.37259615384615385 0.48197115384615385 0.014423076923076924 0.02283653846153846
0 0.39302884615384615 0.6201923076923077 0.020432692307692308 0.02403846153846154
0 0.3918269230769231 0.5 0.009615384615384616 0.018028846153846152
0 0.4074519230769231 0.6394230769230769 0.018028846153846152 0.020432692307692308
0 0.4338942307692308 0.6057692307692307 0.018028846153846152 0.014423076923076924
0 0.4423076923076923 0.6237980769230769 0.018028846153846152 0.018028846153846152
0 0.4567307692307692 0.5877403846153846 0.018028846153846152 0.020432692307692308
0 0.4651442307692308 0.5060096153846154 0.015625 0.018028846153846152
0 0.48197115384615385 0.5588942307692307 0.02283653846153846 0.016826923076923076
0 0.484375 0.6117788461538461 0.015625 0.020432692307692308
0 0.515625 0.5432692307692307 0.009615384615384616 0.020432692307692308
0 0.5216346153846154 0.6177884615384616 0.015625 0.02283653846153846
0 0.5300480769230769 0.5456730769230769 0.016826923076923076 0.01201923076923077
0 0.5336538461538461 0.6322115384615384 0.021634615384615384 0.016826923076923076
0 0.5432692307692307 0.5384615384615384 0.014423076923076924 0.015625
0 0.5588942307692307 0.5492788461538461 0.015625 0.018028846153846152
0 0.5697115384615384 0.5600961538461539 0.016826923076923076 0.018028846153846152
0 0.5769230769230769 0.5745192307692307 0.015625 0.018028846153846152
0 0.5961538461538461 0.5733173076923077 0.020432692307692308 0.019230769230769232
0 0.6153846153846154 0.6165865384615384 0.025240384615384616 0.02283653846153846
0 0.6262019230769231 0.7572115384615384 0.02403846153846154 0.020432692307692308
0 0.6298076923076923 0.5973557692307693 0.020432692307692308 0.02283653846153846
0 0.6334134615384616 0.640625 0.020432692307692308 0.02283653846153846
0 0.6502403846153846 0.6141826923076923 0.019230769230769232 0.020432692307692308
0 0.6706730769230769 0.6334134615384616 0.025240384615384616 0.03125
0 0.6838942307692307 0.6598557692307693 0.027644230769230768 0.02403846153846154
0 0.6959134615384616 0.6742788461538461 0.019230769230769232 0.020432692307692308
0 0.71875 0.6935096153846154 0.019230769230769232 0.027644230769230768
0 0.7307692307692307 0.7331730769230769 0.021634615384615384 0.03125
0 0.7487980769230769 0.7247596153846154 0.027644230769230768 0.028846153846153848
0 0.7680288461538461 0.6935096153846154 0.021634615384615384 0.02283653846153846
0 0.7884615384615384 0.8269230769230769 0.04326923076923077 0.055288461538461536
0 0.7944711538461539 0.7692307692307693 0.026442307692307692 0.027644230769230768
0 0.8137019230769231 0.7439903846153846 0.021634615384615384 0.025240384615384616