0 0.24278846153846154 0.3545673076923077 0.0733173076923077 0.05048076923076923
0 0.29086538461538464 0.4639423076923077 0.08173076923076923 0.06370192307692307
0 0.33533653846153844 0.33774038461538464 0.07932692307692307 0.039663461538461536
0 0.40625 0.4495192307692308 0.08774038461538461 0.046875
0 0.4543269230769231 0.4074519230769231 0.06850961538461539 0.037259615384615384
0 0.49399038461538464 0.3545673076923077 0.06490384615384616 0.051682692307692304
0 0.5036057692307693 0.4338942307692308 0.0829326923076923 0.04567307692307692
0 0.6370192307692307 0.4411057692307692 0.07932692307692307 0.046875
0 0.7487980769230769 0.44471153846153844 0.0829326923076923 0.046875
0 0.8125 0.5108173076923077 0.0889423076923077 0.037259615384615384
0 0.8834134615384616 0.5408653846153846 0.09375 0.046875
0 0.9915865384615384 0.5144230769230769 0.014423076923076924 0.018028846153846152