0 0.057692307692307696 0.203125 0.09735576923076923 0.14783653846153846
0 0.12379807692307693 0.203125 0.0673076923076923 0.11298076923076923
0 0.3786057692307692 0.10576923076923077 0.14903846153846154 0.18990384615384615
0 0.5504807692307693 0.2620192307692308 0.03485576923076923 0.05048076923076923
0 0.5877403846153846 0.23798076923076922 0.06009615384615385 0.09014423076923077
0 0.6274038461538461 0.25841346153846156 0.056490384615384616 0.057692307692307696
0 0.7211538461538461 0.2620192307692308 0.056490384615384616 0.10697115384615384
0 0.8197115384615384 0.2860576923076923 0.03125 0.06971153846153846
0 0.8521634615384616 0.28125 0.02403846153846154 0.03365384615384615
0 0.8882211538461539 0.28966346153846156 0.03125 0.04326923076923077
0 0.9759615384615384 0.2800480769230769 0.019230769230769232 0.02283653846153846
0 0.9903846153846154 0.28966346153846156 0.016826923076923076 0.027644230769230768