0 0.06490384615384616 0.4387019230769231 0.026442307692307692 0.03125
0 0.06610576923076923 0.47836538461538464 0.025240384615384616 0.052884615384615384
0 0.08173076923076923 0.4519230769230769 0.03245192307692308 0.036057692307692304
0 0.09134615384615384 0.43509615384615385 0.025240384615384616 0.030048076923076924
0 0.11177884615384616 0.4230769230769231 0.008413461538461538 0.021634615384615384
0 0.11899038461538461 0.4375 0.021634615384615384 0.014423076923076924
0 0.12980769230769232 0.4230769230769231 0.021634615384615384 0.03245192307692308
0 0.14302884615384615 0.4050480769230769 0.007211538461538462 0.030048076923076924
0 0.15264423076923078 0.47475961538461536 0.026442307692307692 0.055288461538461536
0 0.15745192307692307 0.41225961538461536 0.021634615384615384 0.025240384615384616
0 0.171875 0.453125 0.015625 0.036057692307692304
0 0.19230769230769232 0.4795673076923077 0.038461538461538464 0.07451923076923077
0 0.21875 0.47475961538461536 0.015625 0.036057692307692304
0 0.22235576923076922 0.44471153846153844 0.020432692307692308 0.02403846153846154
0 0.23918269230769232 0.44471153846153844 0.030048076923076924 0.018028846153846152
0 0.24158653846153846 0.47836538461538464 0.030048076923076924 0.06490384615384616
0 0.25240384615384615 0.4423076923076923 0.030048076923076924 0.03125
0 0.26802884615384615 0.47115384615384615 0.030048076923076924 0.046875
0 0.29086538461538464 0.45552884615384615 0.027644230769230768 0.030048076923076924
0 0.32091346153846156 0.4735576923076923 0.03245192307692308 0.07451923076923077
0 0.3233173076923077 0.42908653846153844 0.02283653846153846 0.014423076923076924
0 0.3425480769230769 0.4987980769230769 0.040865384615384616 0.07211538461538461
0 0.34375 0.44591346153846156 0.021634615384615384 0.03125
0 0.35336538461538464 0.4170673076923077 0.01201923076923077 0.027644230769230768
0 0.36899038461538464 0.47475961538461536 0.02403846153846154 0.054086538461538464
0 0.3701923076923077 0.421875 0.014423076923076924 0.025240384615384616
0 0.3786057692307692 0.43509615384615385 0.02283653846153846 0.025240384615384616
0 0.39663461538461536 0.47475961538461536 0.036057692307692304 0.06610576923076923
0 0.42908653846153844 0.453125 0.03125 0.036057692307692304
0 0.4387019230769231 0.4951923076923077 0.03485576923076923 0.0733173076923077
0 0.4411057692307692 0.42427884615384615 0.020432692307692308 0.027644230769230768
0 0.45072115384615385 0.4519230769230769 0.020432692307692308 0.020432692307692308
0 0.47596153846153844 0.4495192307692308 0.020432692307692308 0.038461538461538464
0 0.48197115384615385 0.47716346153846156 0.030048076923076924 0.06971153846153846
0 0.5120192307692307 0.4831730769230769 0.028846153846153848 0.06610576923076923
0 0.5120192307692307 0.43509615384615385 0.030048076923076924 0.03245192307692308
0 0.5228365384615384 0.43149038461538464 0.020432692307692308 0.028846153846153848
0 0.5396634615384616 0.49038461538461536 0.036057692307692304 0.06850961538461539
0 0.5456730769230769 0.45552884615384615 0.025240384615384616 0.009615384615384616
0 0.5516826923076923 0.44471153846153844 0.02283653846153846 0.027644230769230768
0 0.5709134615384616 0.4699519230769231 0.025240384615384616 0.06971153846153846
0 0.5961538461538461 0.4254807692307692 0.03245192307692308 0.038461538461538464
0 0.59375 0.47716346153846156 0.026442307692307692 0.06971153846153846
0 0.6526442307692307 0.44591346153846156 0.03485576923076923 0.036057692307692304
0 0.6586538461538461 0.46153846153846156 0.028846153846153848 0.054086538461538464
0 0.6682692307692307 0.4723557692307692 0.020432692307692308 0.06610576923076923
0 0.6923076923076923 0.4675480769230769 0.039663461538461536 0.0673076923076923
0 0.7608173076923077 0.47836538461538464 0.03365384615384615 0.06009615384615385
0 0.7908653846153846 0.46875 0.036057692307692304 0.08052884615384616
0 0.8173076923076923 0.46634615384615385 0.021634615384615384 0.06009615384615385
0 0.8461538461538461 0.46274038461538464 0.042067307692307696 0.06971153846153846
0 0.8581730769230769 0.44350961538461536 0.026442307692307692 0.04326923076923077
0 0.9134615384615384 0.4675480769230769 0.027644230769230768 0.06129807692307692
0 0.9338942307692307 0.47596153846153844 0.038461538461538464 0.078125